29811	1.44444444444444444444
2997a	1.35416666666666666666
29915	1.35416666666666666666
2991	1.35416666666666666666
2983	1.35416666666666666666
2968	1.28205128205128205128
29911	1.18032786885245901639
29910	1.18032786885245901639
2987a	1.18032786885245901639
29810k	1.14754098360655737704
2979	1.09836065573770491803
2992	1.04838709677419354838
1499	1.02898550724637681159
2995	1.02040816326530612244
2977	1.02040816326530612244
2959	1.00000000000000000000
2995a	.98648648648648648648
14711	.93670886075949367088
1494	.88172043010752688172
1485	.88172043010752688172
2992t	.86538461538461538461
2993	.85714285714285714285
29514	.82417582417582417582
2996s	.80000000000000000000
1488	.78947368421052631578
29913	.74725274725274725274
14712	.73786407766990291262
14713	.72602739726027397260
14910	.72413793103448275862
1433	.67832167832167832167
14311	.64968152866242038216
2984m	.63909774436090225563
29714l	.63703703703703703703
2993m	.61940298507462686567
2986	.61240310077519379844
2999	.57291666666666666666
29914	.55288461538461538461
2986a	.53731343283582089552
2998	.53500000000000000000
29812	.53500000000000000000
29916z	.52760736196319018404
29912	.51219512195121951219
29915q	.46391752577319587628
29510e	.41628959276018099547
2995v	.40990990990990990990
29915a	.40425531914893617021
29813	.38562091503267973856
29913w	.36653386454183266932
2969	.33687002652519893899
2991w	.33656957928802588996
29515b	.32653061224489795918
2997z	.32203389830508474576
2976	.31979695431472081218
2995b	.30697674418604651162
2994	.29140461215932914046
2985	.27634194831013916500
2978g	.26142131979695431472
2968a	.25981308411214953271
2997b	.22601010101010101010
2948	.19773299748110831234
Total compressibility: .48029791287780375855
